81
-414.428 -206.301 -579.116
-411.805 -205.976 -538.551
-395.564 -206.279 -577.754
-395.564 -206.279 -577.754
-411.805 -205.976 -538.551
-395.583 -205.973 -542.754
-379.482 -206.138 -564.732
-380.943 -206.278 -578.11
-395.564 -206.279 -577.754
-379.482 -206.138 -564.732
-395.564 -206.279 -577.754
-395.583 -205.973 -542.754
-379.482 -206.138 -564.732
-395.583 -205.973 -542.754
-377.32 -205.967 -544.499
-377.32 -205.967 -544.499
-377.32 -205.967 -544.499
-379.482 -206.138 -564.732
-377.32 -205.967 -544.499
-374.055 -205.966 -545.333
-379.482 -206.138 -564.732
-379.482 -206.138 -564.732
-374.055 -205.966 -545.333
-374.064 -206.122 -563.456
-374.064 -206.122 -563.456
-374.055 -205.966 -545.333
-369.481 -206.281 -563.323
-374.055 -205.966 -545.333
-367.245 -206.225 -546.401
-369.481 -206.281 -563.323
-367.245 -206.225 -546.401
-363.73 -206.404 -546.708
-369.481 -206.281 -563.323
-369.481 -206.281 -563.323
-363.73 -206.404 -546.708
-363.837 -206.594 -563.342
-363.837 -206.594 -563.342
-365.315 -206.681 -579.545
-369.481 -206.281 -563.323
-365.315 -206.681 -579.545
-371.696 -206.324 -579.218
-369.481 -206.281 -563.323
-371.696 -206.324 -579.218
-375.514 -206.278 -578.308
-369.481 -206.281 -563.323
-374.064 -206.122 -563.456
-369.481 -206.281 -563.323
-375.514 -206.278 -578.308
-375.514 -206.278 -578.308
-379.482 -206.138 -564.732
-374.064 -206.122 -563.456
-380.943 -206.278 -578.11
-379.482 -206.138 -564.732
-375.514 -206.278 -578.308
-395.564 -206.279 -577.754
-382.475 -206.425 -592.196
-394.66 -206.436 -592.781
-382.475 -206.425 -592.196
-395.564 -206.279 -577.754
-380.943 -206.278 -578.11
-375.514 -206.278 -578.308
-382.475 -206.425 -592.196
-380.943 -206.278 -578.11
-382.475 -206.425 -592.196
-375.514 -206.278 -578.308
-371.775 -206.446 -591.318
-371.775 -206.446 -591.318
-375.514 -206.278 -578.308
-371.696 -206.324 -579.218
-371.775 -206.446 -591.318
-371.696 -206.324 -579.218
-365.797 -206.783 -591.844
-365.797 -206.783 -591.844
-371.696 -206.324 -579.218
-365.315 -206.681 -579.545
-394.66 -206.436 -592.781
-414.428 -206.301 -579.116
-395.564 -206.279 -577.754
-394.66 -206.436 -592.781
-414.501 -206.483 -593.535
-414.428 -206.301 -579.116
