261
-260.474 -203.23 -233.076
-260.186 -203.855 -247.673
-272.657 -203.199 -246.777
-260.474 -203.23 -233.076
-271.827 -202.805 -235.308
-271.499 -202.549 -228.379
-272.657 -203.199 -246.777
-271.827 -202.805 -235.308
-260.474 -203.23 -233.076
-260.474 -203.23 -233.076
-271.499 -202.549 -228.379
-260.396 -202.497 -216.86
-260.396 -202.497 -216.86
-274.744 -200.485 -202.444
-261.544 -200.382 -196.828
-271.499 -202.549 -228.379
-279.896 -202.127 -228.017
-279.169 -201.871 -220.6
-271.499 -202.549 -228.379
-279.169 -201.871 -220.6
-260.396 -202.497 -216.86
-279.169 -201.871 -220.6
-274.744 -200.485 -202.444
-260.396 -202.497 -216.86
-279.896 -202.127 -228.017
-280.507 -202.359 -234.956
-284.906 -202 -231.276
-280.507 -202.359 -234.956
-271.827 -202.805 -235.308
-272.657 -203.199 -246.777
-272.657 -203.199 -246.777
-284.325 -202.616 -246.721
-280.507 -202.359 -234.956
-284.325 -202.616 -246.721
-284.325 -202.616 -246.721
-280.507 -202.359 -234.956
-280.507 -202.359 -234.956
-284.325 -202.616 -246.721
-289.53 -202.128 -237.834
-289.53 -202.128 -237.834
-284.906 -202 -231.276
-280.507 -202.359 -234.956
-284.325 -202.616 -246.721
-289.53 -202.128 -237.834
-289.53 -202.128 -237.834
-284.325 -202.616 -246.721
-291.25 -202.529 -246.355
-289.53 -202.128 -237.834
-291.25 -202.529 -246.355
-305.907 -203.165 -245.581
-304.65 -202.758 -236.352
-289.53 -202.128 -237.834
-291.25 -202.529 -246.355
-304.65 -202.758 -236.352
-289.53 -202.128 -237.834
-304.65 -202.758 -236.352
-297.421 -202.151 -229.004
-289.53 -202.128 -237.834
-297.421 -202.151 -229.004
-288.947 -201.555 -223.449
-288.947 -201.555 -223.449
-284.906 -202 -231.276
-289.53 -202.128 -237.834
-284.906 -202 -231.276
-288.947 -201.555 -223.449
-279.896 -202.127 -228.017
-279.896 -202.127 -228.017
-288.947 -201.555 -223.449
-279.169 -201.871 -220.6
-288.947 -201.555 -223.449
-286.81 -201.263 -214.348
-279.169 -201.871 -220.6
-274.744 -200.485 -202.444
-277.101 -199.83 -197.738
-261.544 -200.382 -196.828
-304.65 -202.758 -236.352
-305.959 -202.404 -225.476
-297.421 -202.151 -229.004
-297.421 -202.151 -229.004
-305.959 -202.404 -225.476
-294.888 -201.666 -219.255
-294.888 -201.666 -219.255
-288.947 -201.555 -223.449
-297.421 -202.151 -229.004
-294.888 -201.666 -219.255
-286.81 -201.263 -214.348
-288.947 -201.555 -223.449
-286.81 -201.263 -214.348
-294.888 -201.666 -219.255
-299.275 -201.672 -214.157
-305.959 -202.404 -225.476
-299.275 -201.672 -214.157
-294.888 -201.666 -219.255
-293.908 -201.021 -205.958
-286.81 -201.263 -214.348
-299.275 -201.672 -214.157
-312.703 -202.164 -211.009
-320.31 -202.127 -200.526
-299.359 -200.819 -198.383
-299.359 -200.819 -198.383
-293.908 -201.021 -205.958
-312.703 -202.164 -211.009
-299.275 -201.672 -214.157
-312.703 -202.164 -211.009
-293.908 -201.021 -205.958
-305.959 -202.404 -225.476
-312.703 -202.164 -211.009
-299.275 -201.672 -214.157
-312.703 -202.164 -211.009
-328.758 -202.888 -210.882
-320.31 -202.127 -200.526
-293.908 -201.021 -205.958
-299.359 -200.819 -198.383
-290.504 -199.758 -198.913
-290.504 -199.758 -198.913
-290.309 -200.446 -204.958
-293.908 -201.021 -205.958
-290.309 -200.446 -204.958
-286.81 -201.263 -214.348
-293.908 -201.021 -205.958
-281.022 -200.583 -205.536
-284.776 -200.974 -210.2
-287.261 -200.292 -205.307
-284.776 -200.974 -210.2
-286.81 -201.263 -214.348
-287.261 -200.292 -205.307
-287.261 -200.292 -205.307
-286.81 -201.263 -214.348
-290.309 -200.446 -204.958
-284.776 -200.974 -210.2
-279.169 -201.871 -220.6
-286.81 -201.263 -214.348
-284.776 -200.974 -210.2
-281.022 -200.583 -205.536
-279.169 -201.871 -220.6
-281.022 -200.583 -205.536
-274.744 -200.485 -202.444
-279.169 -201.871 -220.6
-277.101 -199.83 -197.738
-274.744 -200.485 -202.444
-280.673 -199.684 -197.783
-280.673 -199.684 -197.783
-274.744 -200.485 -202.444
-281.022 -200.583 -205.536
-328.758 -202.888 -210.882
-329.781 -202.491 -198.717
-320.31 -202.127 -200.526
-304.65 -202.758 -236.352
-305.907 -203.165 -245.581
-312.456 -203.128 -236.781
-305.907 -203.165 -245.581
-320.64 -203.805 -244.822
-312.456 -203.128 -236.781
-312.456 -203.128 -236.781
-320.64 -203.805 -244.822
-321.344 -203.556 -237.435
-321.344 -203.556 -237.435
-321.522 -203.404 -233.21
-313.189 -203.037 -233.496
-313.189 -203.037 -233.496
-312.456 -203.128 -236.781
-321.344 -203.556 -237.435
-313.189 -203.037 -233.496
-304.65 -202.758 -236.352
-312.456 -203.128 -236.781
-313.189 -203.037 -233.496
-305.959 -202.404 -225.476
-304.65 -202.758 -236.352
-313.189 -203.037 -233.496
-313.884 -202.808 -226.63
-305.959 -202.404 -225.476
-305.959 -202.404 -225.476
-313.884 -202.808 -226.63
-312.703 -202.164 -211.009
-313.884 -202.808 -226.63
-321.596 -203.142 -226.214
-312.703 -202.164 -211.009
-312.703 -202.164 -211.009
-321.596 -203.142 -226.214
-328.758 -202.888 -210.882
-321.596 -203.142 -226.214
-330.249 -203.491 -225.065
-328.758 -202.888 -210.882
-321.596 -203.142 -226.214
-321.522 -203.404 -233.21
-330.249 -203.491 -225.065
-321.522 -203.404 -233.21
-330.418 -203.806 -233.15
-330.249 -203.491 -225.065
-321.344 -203.556 -237.435
-329.137 -203.924 -237.806
-321.522 -203.404 -233.21
-321.522 -203.404 -233.21
-329.137 -203.924 -237.806
-330.418 -203.806 -233.15
-329.137 -203.924 -237.806
-321.344 -203.556 -237.435
-328.441 -204.183 -245.45
-321.344 -203.556 -237.435
-320.64 -203.805 -244.822
-328.441 -204.183 -245.45
-277.101 -199.83 -197.738
-260.973 -197.487 -172.075
-261.544 -200.382 -196.828
-329.781 -202.491 -198.717
-326.923 -201.564 -176.857
-320.31 -202.127 -200.526
-287.163 -199.491 -198.482
-290.504 -199.758 -198.913
-288.705 -199.17 -195.858
-288.705 -199.17 -195.858
-290.504 -199.758 -198.913
-299.359 -200.819 -198.383
-280.673 -199.684 -197.783
-276.33 -198.073 -182.56
-277.101 -199.83 -197.738
-260.973 -197.487 -172.075
-277.101 -199.83 -197.738
-276.33 -198.073 -182.56
-276.33 -198.073 -182.56
-279.171 -196.789 -172.697
-260.973 -197.487 -172.075
-280.673 -199.684 -197.783
-287.163 -199.491 -198.482
-288.705 -199.17 -195.858
-288.705 -199.17 -195.858
-276.33 -198.073 -182.56
-280.673 -199.684 -197.783
-288.942 -196.519 -173.126
-279.171 -196.789 -172.697
-288.344 -197.407 -181.237
-288.344 -197.407 -181.237
-279.171 -196.789 -172.697
-276.33 -198.073 -182.56
-288.344 -197.407 -181.237
-276.33 -198.073 -182.56
-288.705 -199.17 -195.858
-299.359 -200.819 -198.383
-288.344 -197.407 -181.237
-288.705 -199.17 -195.858
-297.157 -198.497 -181.058
-288.344 -197.407 -181.237
-299.359 -200.819 -198.383
-297.157 -198.497 -181.058
-302.76 -198.304 -173.398
-297.635 -197.693 -173.725
-302.76 -198.304 -173.398
-297.157 -198.497 -181.058
-299.359 -200.819 -198.383
-302.76 -198.304 -173.398
-299.359 -200.819 -198.383
-312.076 -201.157 -187.57
-312.076 -201.157 -187.57
-299.359 -200.819 -198.383
-320.31 -202.127 -200.526
-312.076 -201.157 -187.57
-320.31 -202.127 -200.526
-326.923 -201.564 -176.857
-326.923 -201.564 -176.857
-302.76 -198.304 -173.398
-312.076 -201.157 -187.57
